396860
674441
301204
92951
429725
62020
968128
735106
653668
152166
801086
655609
590964
377536
636896
480811
215583
606730
668310
983577
43140
719066
830963
719519
428077
667806
949373
134615
891775
236682
592368
9872
742886
504396
978104
876194
854480
678871
345214
165365
378279
808013
729601
373253
614136
221312
885643
97599
983614
40421
76169
827955
710582
198571
58220
291560
656522
952535
897962
525043
749936
873383
58935
466807
470468
345651
838823
569374
737945
348536
957769
902108
419443
728973
848623
95739
704513
474993
124863
891647
87957
8579
967560
957571
550599
591931
323028
928599
182025
800395
651624
529567
92628
231776
209019
764680
563641
488121
947677
556526
89905
796508
673660
924250
769420
554549
233963
126918
163742
193733
906267
464789
405214
659282
680416
460934
381446
573141
440669
130723
520735
110026
8534
973767
306715
205794
942846
15259
18746
88073
500515
352169
763488
474861
58262
123136
187491
697269
742989
96126
210716
265007
414612
641280
921703
682939
947249
678667
947699
835636
193603
760590
277169
134312
938468
709070
844294
806966
571590
433167
454038
677172
278910
622763
897193
196850
76913
51510
133455
43009
323122
466383
893297
322505
416196
821402
697692
517785
998960
48039
114643
23002
723195
513384
70856
641089
262187
658513
654821
440763
778949
910569
615580
97024
542181
58517
538298
534164
137227
627598
678816
796521
362859
91558
34531
539668
676369
66813
726873
657329
167510
155831
806900
821470
110013
38836
714232
792060
173754
567199
969142
994230
792102
795270
364450
30094
539999
423522
741548
332614
492858
657452
21016
525958
6084
70080
702763
80470
100976
201370
8568
35441
21499
616998
656564
989299
870016
114726
730272
511359
998302
367026
695299
870854
106724
628165
739748
871131
614482
344181
839542
740910
422964
416454
56773
285921
605545
82115
744973
241168
483948
168230
280771
679122
416667
467284
565966
254678
269090
946772
127294
627884
524174
704111
340316
731312
699949
224220
326123
363313
3289
215148
723642
293080
926004
966421
878748
844408
686209
209091
583936
81117
719453
891982
451335
982508
680290
652293
867165
71610
682816
693651
47059
39003
638293
421114
670831
606512
623550
402230
984668
910670
692974
45266
118484
12465
763032
811546
371327
864914
269896
343539
860093
221073
419661
922638
50334
402337
99678
275088
487691
447881
753360
737712
625608
959423
744761
316101
797200
508022
607050
515864
843214
163276
471343
190313
181459
844613
170200
457982
407947
179512
358362
169148
320966
958475
29175
712855
696714
514315
446064
86788
787082
318653
858721
251743
388030
587093
729316
413878
140881
985363
886097
218713
890160
591326
167555
318327
372196
798673
349288
902656
915050
727701
947146
35796
979240
356546
504050
112241
107016
979599
845187
30496
833095
110824
68905
981009
810024
127262
567357
698065
559832
417816
855462
22625
572616
433405
444767
456365
427649
737359
116229
673762
333718
129863
681956
3507
317722
444957
441082
338804
815630
15987
356024
472219
535929
670758
711418
447645
779018
157378
162369
196458
950887
290223
71019
126248
504407
998743
266578
693404
645220
495876
367716
935965
364668
272152
631451
191766
391700
511580
846721
929726
71072
650341
358388
447711
416395
535421
492214
139267
905988
154753
26590
921681
558553
523872
753402
658308
282303
34620
522302
290424
973376
67942
497558
139911
280587
521607
515220
656576
969515
180310
538689
528339
211605
369044
419222
203034
113360
955676
265934
797903
837125
701842
447353
65424
755841
399394
39163
739860
24854
679255
638736
591081
778178
932397
932850
97312
266429
236284
809790
747116
363776
240982
983778
687544
708715
103826
207974
226212
78453
357782
66048
88592
192235
555806
613173
129386
570948
541114
284814
735623
845978
589229
383700
59775
936209
30176
647281
78143
991764
300718
340621
502854
572151
739460
807623
437196
265404
895512
198988
987503
177004
129294
85536
883932
235615
966269
903840
567546
133665
830109
200302
268699
338303
348377
869584
403369
148316
457743
407177
235998
818452
401643
142182
811944
685498
921501
583934
167366
697744
686811
721001
857223
876435
129683
196449
550561
785686
354707
979112
441281
138325
458823
246448
680783
242720
795876
912422
582628
154021
921788
411915
806462
730989
937670
239677
970460
731108
995964
291834
449871
692097
284698
486254
104566
443307
12661
758624
681145
616774
963412
80645
297760
508400
288665
624565
425527
34849
365463
889453
753829
578391
616087
54520
965322
57010
646996
127335
424572
484091
459211
442013
370110
881056
652191
283852
744559
900112
398445
581357
270475
440793
212990
118124
579487
143213
407875
96214
69349
242771
225076
974386
269799
987940
596974
412723
968522
444690
530975
456950
220418
204941
536129
344624
185385
838232
289287
176106
919493
815950
531994
810747
512183
927630
534829
662156
108739
488951
811485
291941
369707
476584
547139
820275
747813
405877
389969
395887
410157
493309
90575
557448
365261
460348
491417
410647
975908
185472
458590
366402
796054
684994
317378
912142
154596
45383
947136
190029
201459
68991
419915
809928
488943
824133
998825
158711
137643
603530
952561
607730
960904
984972
281146
233204
336991
985304
867566
286797
873372
317348
729912
987737
477644
364183
616042
209008
18898
541902
483408
223951
33951
193094
913836
82653
262042
827402
551507
354238
54555
377244
702958
724867
788440
311939
79926
778304
978286
701785
376934
235335
946573
627707
188299
483814
842405
910669
798154
428980
773588
998951
312378
652249
353674
445530
336743
655054
542631
245475
759454
47774
213980
692704
662870
840169
288413
418420
651080
605186
535890
990438
188211
5745
591581
93158
665530
245461
623814
780747
527346
483875
259604
483010
21753
491526
387913
953438
828014
616016
28979
722582
699305
634419
689736
200708
66370
145676
840001
459518
828279
496434
485644
355564
674525
438312
145127
139949
631134
415515
475223
724630
322835
594704
320718
774736
151248
558097
141233
495069
24988
334680
336306
233730
759977
245140
65883
168156
54780
286572
951636
517807
262737
418393
884148
733979
449677
216660
210367
844008
339601
364856
679037
63383
42378
151411
817593
640503
289227
673432
318001
545517
670617
417119
130699
165260
373318
148934
515900
288723
940202
803568
668893
434908
941989
480836
857903
470203
555430
187087
492493
388648
875378
881838
337496
683846
448651
456148
77216
803824
21179
468116
730085
651427
913065
208064
7433
776230
460452
502794
742448
352937
28782
533090
837623
546184
862305
80049
206601
404313
441634
814867
797026
136889
660160
500188
578175
751368
473817
10557
619788
927981
671064
721912
228285
285272
514713
875049
959509
498257
728815
743061
328506
456468
814868
20322
976944
406815
505010
803848
219359
982066
297595
327440
173081
381770
159894
589796
41522
750910
698329
688109
86701
435492
307044
98227
746346
641283
546915
680939
954486
731670
276136
134487
921944
248509
903191
804513
142579
